36.917
36.911
36.911
36.915
36.927
36.926
36.92
36.914
36.905
36.905
36.905
36.904
36.907
36.899
36.899
36.902
36.899
36.898
36.896
36.896
36.891
36.886
36.891
36.888
36.891
36.889
36.883
36.878
36.879
36.87
36.87
36.866
36.867
36.863
36.86
36.858
36.86
36.855
36.854
36.855
36.849
36.844
36.854
36.849
36.844
36.836
36.838
36.841
36.839
36.835
36.838
36.833
36.836
36.826
36.83
36.83
36.823
36.827
36.82
36.82
36.82
36.822
36.816
36.813
36.816
36.817
36.811
36.811
36.806
36.798
36.798
36.794
36.797
36.795
36.794
36.798
36.791
36.785
36.781
36.788
36.785
36.784
36.784
36.781
36.778
36.784
36.782
36.781
36.773
36.772
36.772
36.768
36.763
36.759
36.757
36.75
36.749
36.75
36.75
36.749
36.75
36.752
36.75
36.743
36.746
36.749
36.743
36.744
36.741
36.74
36.744
36.741
36.738
36.737
36.741
36.75
36.753
36.753
36.759
36.756
36.762
36.759
36.76
36.769
36.779
36.785
36.785
36.79
36.79
36.798
36.806
36.811
36.816
36.825
36.832
36.835
36.851
36.872
36.878
36.889
36.898
36.901
36.915
36.932
36.946
36.964
36.98
36.993
37.013
37.032
37.057
37.077
37.09
37.118
37.134
37.158
37.186
37.205
37.231
37.257
37.285
37.32
37.336
37.378
37.397
37.429
37.46
37.499
37.526
37.567
37.597
37.638
37.661
37.715
37.749
37.788
37.826
37.864
37.906
37.958
37.99
38.036
38.08
38.123
38.169
38.215
38.273
38.314
38.366
38.417
38.479
38.526
38.573
38.632
38.687
38.74
38.801
38.858
38.915
38.974
39.036
39.099
39.161
39.216
39.285
39.348
39.409
39.463
39.535
39.604
39.692
39.732
39.798
39.877
39.947
40.029
40.084
40.164
40.235
40.313
40.384
40.46
40.535
40.611
40.691
40.765
40.83
40.915
40.993
41.073
41.163
41.239
41.322
41.4
41.473
41.563
41.636
41.725
41.827
41.901
41.997
42.086
42.168
42.269
42.347
42.427
42.526
42.619
42.716
42.803
42.901
43.004
43.087
43.184
43.283
43.364
43.484
43.574
43.657
43.757
43.862
43.963
44.055
44.154
44.262
44.37
44.469
44.574
44.667
44.774
44.891
44.984
45.086
45.196
45.291
45.418
45.512
45.618
45.734
45.841
45.941
46.06
46.163
46.273
46.365
46.496
46.609
46.72
46.84
46.95
47.054
47.166
47.273
47.387
47.494
47.624
47.74
47.843
47.959
48.084
48.197
48.322
48.434
48.535
48.657
48.785
48.895
49.011
49.142
49.235
49.367
49.481
49.613
49.728
49.841
49.972
50.084
50.213
50.326
50.447
50.582
50.693
50.813
50.933
51.059
51.178
51.307
51.42
51.562
51.679
51.802
51.924
52.065
52.183
52.296
52.434
52.549
52.687
52.803
52.932
53.066
53.205
53.326
53.438
53.576
53.698
53.827
53.951
54.073
54.207
54.337
54.463
54.599
54.721
54.858
54.985
55.121
55.245
55.373
55.493
55.642
55.767
55.892
56.024
56.148
56.277
56.411
56.534
56.67
56.82
56.932
57.066
57.21
57.345
57.469
57.598
57.743
57.859
57.992
58.146
58.258
58.383
58.533
58.658
58.787
58.908
59.045
59.186
59.328
59.454
59.594
59.721
59.861
59.994
60.108
60.253
60.383
60.524
60.65
60.784
60.918
61.05
61.201
61.311
61.451
61.575
61.717
61.863
61.995
62.133
62.268
62.395
62.523
62.658
62.797
62.938
63.061
63.21
63.335
63.461
63.598
63.741
63.868
64.013
64.143
64.268
64.402
64.536
64.674
64.798
64.947
65.084
65.211
65.343
65.481
65.62
65.753
65.872
66.011
66.151
66.294
66.419
66.558
66.678
66.829
66.955
67.085
67.23
67.344
67.484
67.623
67.751
67.898
68.013
68.15
68.289
68.421
68.539
68.68
68.816
68.951
69.087
69.226
69.37
69.484
69.631
69.75
69.896
70.021
70.146
70.284
70.417
70.548
70.682
70.81
70.946
71.083
71.197
71.343
71.476
71.61
71.74
71.869
71.996
72.124
72.264
72.399
72.531
72.655
72.791
72.913
73.055
73.185
73.319
73.431
73.586
73.693
73.835
73.969
74.103
74.229
74.371
74.486
74.612
74.754
74.884
75.01
75.128
75.271
75.387
75.527
75.652
75.786
75.909
76.038
76.158
76.31
76.432
76.56
76.68
76.822
76.942
77.075
77.209
77.341
77.465
77.6
77.726
77.852
77.977
78.109
78.238
78.374
78.483
78.614
78.747
78.875
78.997
79.117
79.257
79.38
79.518
79.646
79.761
79.893
80.022
80.148
80.27
80.409
80.529
80.66
80.795
80.904
81.04
81.159
81.291
81.427
81.549
81.673
81.793
81.916
82.051
82.189
82.294
82.435
82.558
82.675
82.815
82.926
83.053
83.187
83.315
83.441
83.567
83.689
83.812
83.937
84.066
84.189
84.309
84.437
84.557
84.684
84.82
84.929
85.059
85.183
85.311
85.435
85.562
85.682
85.807
85.923
86.041
86.176
86.303
86.424
86.55
86.674
86.789
86.914
87.044
87.163
87.287
87.409
87.531
87.658
87.771
87.903
88.027
88.147
88.278
88.398
88.52
88.643
88.776
88.892
89.003
89.141
89.256
89.381
89.504
89.626
89.737
89.861
89.981
90.116
90.233
90.356
90.471
90.592
90.714
90.836
90.958
91.08
91.206
91.324
91.44
91.571
91.692
91.816
91.931
92.05
92.174
92.277
92.413
92.532
92.643
92.772
92.898
93.015
93.131
93.267
93.386
93.487
93.62
93.728
93.868
93.968
94.089
94.2
94.325
94.453
94.564
94.681
94.807
94.92
95.037
95.166
95.274
95.394
95.51
95.638
95.759
95.867
95.982
96.11
96.227
96.348
96.463
96.577
96.7
96.817
96.941
97.057
97.174
97.291
97.403
97.53
97.64
97.762
97.877
97.985
98.101
98.229
98.342
98.463
98.577
98.686
98.812
98.931
98.937
99.045
99.156
99.273
99.399
99.512
99.638
99.733
99.861
99.984
100.106
100.202
100.324
100.438
100.552
100.66
100.791
100.895
101.012
101.134
101.237
101.362
101.467
101.579
101.704
101.819
101.935
102.032
102.149
102.252
102.368
102.486
102.596
102.702
102.806
102.923
103.04
103.137
103.249
103.362
103.465
103.586
103.694
103.794
103.905
104.008
104.118
104.225
104.329
104.433
104.539
104.631
104.736
104.837
104.929
105.041
105.137
105.243
105.35
105.444
105.543
105.642
105.742
105.841
105.935
106.031
106.119
106.222
106.323
106.415
106.51
106.598
106.71
106.797
106.886
106.977
107.059
107.15
107.247
107.334
107.421
107.512
107.61
107.682
107.776
107.878
107.95
108.032
108.127
108.199
108.278
108.369
108.448
108.534
108.612
108.689
108.777
108.859
108.922
109.013
109.083
109.168
109.234
109.336
109.398
109.468
109.559
109.64
109.697
109.775
109.853
109.92
110.001
110.065
110.133
110.21
110.272
110.342
110.413
110.483
110.547
110.605
110.677
110.739
110.804
110.88
110.936
111.008
111.071
111.14
111.206
111.252
111.316
111.374
111.435
111.494
111.556
111.615
111.672
111.729
111.783
111.839
111.894
111.955
112.014
112.059
112.118
112.174
112.228
112.279
112.327
112.377
112.429
112.475
112.53
112.577
112.633
112.671
112.717
112.775
112.822
112.863
112.91
112.953
113.003
113.049
113.1
113.135
113.178
113.218
113.269
113.307
113.349
113.382
113.423
113.459
113.51
113.54
113.589
113.617
113.659
113.7
113.737
113.767
113.805
113.846
113.875
113.912
113.942
113.984
114.005
114.039
114.078
114.107
114.144
114.178
114.2
114.236
114.257
114.287
114.325
114.346
114.377
114.404
114.438
114.464
114.486
114.513
114.541
114.561
114.592
114.619
114.641
114.665
114.685
114.714
114.729
114.76
114.783
114.805
114.821
114.853
114.863
114.879
114.897
114.92
114.939
114.961
114.977
114.991
115.015
115.029
115.045
115.063
115.076
115.098
115.108
115.123
115.144
115.156
115.165
115.184
115.2
115.206
115.221
115.232
115.247
115.261
115.269
115.273
115.291
115.303
115.313
115.316
115.326
115.341
115.347
115.358
115.371
115.374
115.384
115.389
115.386
115.396
115.408
115.413
115.422
115.428
115.433
115.436
115.443
115.443
115.452
115.457
115.459
115.463
115.46
115.469
115.47
115.47
115.473
115.477
115.476
115.478
115.476
115.476
115.475
115.478
115.481
115.483
115.484
115.478
115.479
115.475
115.472
115.472
115.469
115.466
115.461
115.457
115.457
115.453
115.447
115.441
115.445
115.439
115.437
115.43
115.421
115.417
115.414
115.399
115.395
115.384
115.384
115.37
115.366
115.357
115.347
115.347
115.338
115.327
115.32
115.308
115.303
115.291
115.286
115.274
115.262
115.249
115.243
115.232
115.224
115.206
115.201
115.186
115.18
115.166
115.153
115.144
115.126
115.119
115.102
115.093
115.08
115.063
115.05
115.038
115.034
115.017
115.003
114.991
114.974
114.968
114.945
114.933
114.919
114.896
114.88
114.868
114.847
114.829
114.817
114.797
114.787
114.767
114.75
114.737
114.718
114.7
114.687
114.66
114.651
114.635
114.617
114.595
114.581
114.561
114.545
114.519
114.501
114.485
114.473
114.449
114.422
114.402
114.374
114.362
114.344
114.32
114.304
114.277
114.263
114.239
114.218
114.194
114.171
114.149
114.134
114.106
114.082
114.063
114.039
114.02
113.999
113.973
113.955
113.939
113.905
113.881
113.856
113.836
113.812
113.795
113.767
113.746
113.718
113.693
113.677
113.647
113.625
113.594
113.571
113.549
113.523
113.5
113.474
113.447
113.434
113.402
113.376
113.351
113.334
113.305
113.276
113.251
113.227
113.194
113.176
113.149
113.115
113.088
113.059
113.036
113.009
112.978
112.949
112.926
112.902
112.868
112.838
112.81
112.786
112.757
112.734
112.7
112.675
112.65
112.615
112.587
112.559
112.529
112.501
112.474
112.446
112.415
112.388
112.356
112.332
112.298
112.272
112.238
112.209
112.18
112.144
112.109
112.083
112.047
112.025
111.996
111.968
111.938
111.899
111.867
111.839
111.813
111.785
111.756
111.723
111.691
111.66
111.627
111.598
111.565
111.539
111.501
111.474
111.447
111.407
111.378
111.343
111.317
111.278
111.253
111.223
111.184
111.145
111.121
111.094
111.054
111.024
110.997
110.961
110.933
110.901
110.87
110.829
110.795
110.761
110.728
110.703
110.659
110.63
110.589
110.569
110.527
110.488
110.464
110.426
110.396
110.36
110.323
110.291
110.248
110.224
110.182
110.147
110.121
110.079
110.047
110.016
109.989
109.946
109.92
109.876
109.845
109.814
109.774
109.741
109.702
109.674
109.634
109.601
109.568
109.534
109.496
109.461
109.425
109.391
109.36
109.331
109.29
109.245
109.212
109.185
109.152
109.111
109.071
109.042
109.011
108.973
108.93
108.904
108.868
108.828
108.795
108.756
108.72
108.677
108.64
108.61
108.583
108.542
108.498
108.46
108.43
108.393
108.358
108.326
108.288
108.249
108.211
108.172
108.14
108.115
108.065
108.024
108.002
107.951
107.914
107.88
107.855
107.807
107.756
107.735
107.689
107.658
107.626
107.589
107.541
107.5
107.475
107.44
107.399
107.358
107.32
107.286
107.246
107.209
107.169
107.128
107.095
107.062
107.016
106.985
106.942
106.915
106.868
106.832
106.795
106.755
106.719
106.677
106.637
106.596
106.568
106.517
106.487
106.458
106.414
106.38
106.345
106.298
106.266
106.219
106.187
106.148
106.104
106.067
106.031
105.997
105.947
105.919
105.878
105.834
105.801
105.775
105.733
105.685
105.651
105.616
105.572
105.545
105.503
105.457
105.422
105.383
105.337
105.307
105.267
105.227
105.191
105.153
105.117
105.061
105.03
104.991
104.956
104.909
104.883
104.85
104.81
104.759
104.716
104.674
104.646
104.603
104.572
104.519
104.487
104.449
104.409
104.372
104.327
104.297
104.248
104.211
104.175
104.143
104.106
104.063
104.017
103.974
103.942
103.894
103.855
103.823
103.786
103.737
103.701
103.67
103.629
103.584
103.546
103.512
103.464
103.427
103.386
103.349
103.315
103.275
103.236
103.192
103.157
103.114
103.077
103.04
103.001
102.949
102.918
102.883
102.844
102.802
102.767
102.726
102.69
102.648
102.616
102.569
102.521
102.488
102.454
102.415
102.376
102.329
102.294
102.244
102.215
102.17
102.136
102.089
102.053
102.004
101.976
101.937
101.904
101.857
101.82
101.779
101.738
101.706
101.656
101.619
101.584
101.534
101.502
101.455
101.411
101.375
101.343
101.296
101.262
101.222
101.178
101.14
101.101
101.058
101.021
100.981
100.938
100.9
100.863
100.828
100.782
100.743
100.711
100.661
100.629
100.577
100.545
100.503
100.473
100.432
100.386
100.342
100.31
100.271
100.234
100.186
100.15
100.108
100.066
100.032
99.996
99.96
99.92
99.879
99.838
99.796
99.752
99.714
99.678
99.639
99.597
99.564
99.521
99.479
99.441
99.408
99.363
99.325
99.282
99.251
99.201
99.166
99.121
99.083
99.048
99.007
98.973
98.925
98.885
98.855
98.807
98.776
98.738
98.696
98.655
98.61
98.574
98.543
98.504
98.462
98.421
98.388
98.344
98.313
98.264
98.234
98.186
98.15
98.116
98.07
98.05
97.998
97.97
97.922
97.894
97.857
97.807
97.774
97.737
97.702
97.661
97.631
97.597
97.567
97.526
97.482
97.444
97.412
97.385
97.345
97.319
97.283
97.246
97.215
97.182
97.147
97.116
97.078
97.042
97.01
96.986
96.956
96.915
96.884
96.846
96.818
96.784
96.753
96.726
96.699
96.663
96.637
96.608
96.583
96.554
96.526
96.508
96.477
96.443
96.417
96.388
96.364
96.338
96.309
96.289
96.26
96.226
96.197
96.178
96.159
96.137
96.11
96.088
96.067
96.04
96.018
95.997
95.98
95.957
95.933
95.908
95.89
95.87
95.843
95.826
95.804
95.79
95.768
95.756
95.73
95.717
95.699
95.682
95.663
95.654
95.636
95.621
95.6
95.589
95.57
95.561
95.549
95.528
95.518
95.506
95.489
95.477
95.468
95.458
95.443
95.432
95.423
95.41
95.4
95.39
95.382
95.372
95.361
95.348
95.343
95.338
95.332
95.327
95.317
95.308
95.299
95.288
95.285
95.279
95.278
95.266
95.259
95.258
95.251
95.246
95.239
95.234
95.227
95.226
95.225
95.221
95.216
95.215
95.217
95.215
95.208
95.207
95.207
95.21
95.211
95.205
95.203
95.2
95.202
95.21
95.211
95.201
95.208
95.208
95.21
95.203
95.206
95.208
95.21
95.216
95.215
95.215
95.222
95.23
95.226
95.23
95.239
95.25
95.247
95.251
95.245
95.251
95.254
95.264
95.269
95.276
95.28
95.285
95.287
95.295
95.307
95.307
95.309
95.318
95.327
95.333
95.337
95.354
95.352
95.36
95.367
95.382
95.382
95.388
95.397
95.405
95.409
95.42
95.429
95.443
95.443
95.453
95.459
95.471
95.482
95.493
95.497
95.512
95.522
95.535
95.541
95.547
95.555
95.566
95.571
95.589
95.596
95.61
95.615
95.623
95.636
95.643
95.662
95.672
95.682
95.693
95.707
95.722
95.73
95.74
95.758
95.764
95.773
95.785
95.793
95.814
95.825
95.832
95.843
95.855
95.869
95.88
95.895
95.903
95.916
95.934
95.944
95.957
95.97
95.98
95.988
95.998
96.015
96.023
96.041
96.054
96.066
96.072
96.095
96.105
96.116
96.124
96.14
96.152
96.172
96.189
96.197
96.204
96.222
96.238
96.247
96.256
96.274
96.286
96.296
96.314
96.332
96.339
96.348
96.359
96.367
96.386
96.402
96.409
96.426
96.44
96.448
96.462
96.481
96.489
96.501
96.518
96.528
96.542
96.557
96.567
96.58
96.596
96.606
96.617
96.629
96.642
96.655
96.671
96.682
96.696
96.709
96.724
96.734
96.745
96.755
96.774
96.789
96.798
96.812
96.825
96.836
96.847
96.862
96.869
96.886
96.906
96.911
96.92
96.938
96.953
96.965
96.977
96.99
96.997
97.016
97.023
97.034
97.048
97.058
97.07
97.085
97.097
97.108
97.122
97.134
97.144
97.156
97.176
97.179
97.192
97.2
97.215
97.224
97.242
97.249
97.267
97.278
97.285
97.3
97.315
97.323
97.341
97.354
97.361
97.368
97.384
97.394
97.401
97.413
97.426
97.443
97.447
97.461
97.47
97.482
97.491
97.505
97.513
97.525
97.536
97.551
97.558
97.572
97.58
97.587
97.599
97.607
97.614
97.63
97.639
97.65
97.66
97.671
97.679
97.695
97.699
97.708
97.724
97.735
97.74
97.753
97.758
97.77
97.783
97.793
97.798
97.81
97.825
97.827
97.835
97.844
97.861
97.872
97.877
97.882
97.889
97.897
97.91
97.921
97.93
97.94
97.953
97.958
97.965
97.97
97.985
97.995
98.003
98.006
98.021
98.025
98.035
98.049
98.054
98.067
98.076
98.087
98.099
98.1
98.104
98.116
98.123
98.129
98.135
98.15
98.154
98.159
98.166
98.171
98.184
98.189
98.198
98.211
98.214
98.22
98.224
98.23
98.244
98.253
98.268
98.274
98.283
98.288
98.292
98.295
98.303
98.316
98.314
98.326
98.334
98.341
98.344
98.353
98.361
98.369
98.381
98.389
98.392
98.397
98.399
98.407
98.417
98.417
98.424
98.436
98.441
98.444
98.452
98.463
98.467
98.476
98.477
98.483
98.491
98.496
98.502
98.512
98.519
98.522
98.532
98.536
98.541
98.546
98.554
98.561
98.577
98.576
98.577
98.589
98.589
98.6
98.612
98.62
98.626
98.623
98.627
98.638
98.642
98.652
98.66
98.663
98.666
98.672
98.682
98.69
98.69
98.698
98.7
98.702
98.706
98.708
98.718
98.725
98.731
98.736
98.738
98.741
98.746
98.749
98.757
98.766
98.774
98.779
98.781
98.782
98.787
98.798
98.801
98.807
98.807
98.816
98.825
98.826
98.831
98.835
98.836
98.845
98.848
98.852
98.857
98.863
98.867
98.872
98.876
98.881
98.887
98.895
98.898
98.898
98.903
98.905
98.908
98.917
98.918
98.922
98.935
98.94
98.938
98.943
98.948
98.952
98.957
98.958
98.965
98.968
98.966
98.977
98.981
98.988
98.99
98.992
98.991
99.001
99
99.007
99.014
99.022
99.031
99.022
99.026
99.034
99.041
99.041
99.042
99.047
99.053
99.053
99.065
99.065
99.07
99.07
99.073
99.076
99.085
99.086
99.091
99.093
99.098
99.103
99.101
99.106
99.112
99.113
99.12
99.121
99.126
99.13
99.135
99.133
99.136
99.142
99.142
99.148
99.146
99.152
99.152
99.156
99.16
99.163
99.167
99.175
99.178
99.178
99.181
99.185
99.192
99.196
99.2
99.198
99.208
99.21
99.213
99.21
99.216
99.218
99.217
99.222
99.222
99.231
99.239
99.239
99.236
99.244
99.244
99.251
99.256
99.263
99.259
99.261
99.261
99.267
99.271
99.276
99.281
99.277
99.283
99.288
99.288
99.288
99.296
99.293
99.297
99.302
99.303
99.303
99.315
99.316
99.317
99.318
99.325
99.326
99.325
99.337
99.337
99.34
99.342
99.345
99.345
99.35
99.353
99.356
99.357
99.357
99.363
99.364
99.362
99.362
99.368
99.368
99.371
99.379
99.378
99.383
99.384
99.384
99.389
99.393
99.401
99.399
99.398
99.393
99.398
99.402
99.403
99.408
99.411
99.411
99.416
99.413
99.413
99.416
99.423
99.422
99.427
99.423
99.434
99.434
99.436
99.437
99.438
99.443
99.439
99.441
99.443
99.446
99.444
99.453
99.458
99.458
99.457
99.462
99.464
99.461
99.462
99.468
99.468
99.466
99.471
99.474
99.474
99.476
99.482
99.483
99.483
99.483
99.485
99.489
99.492
99.487
99.491
99.494
99.497
99.499
99.503
99.498
99.502
99.504
99.509
99.509
99.511
99.511
99.512
99.514
99.516
99.522
99.523
99.531
99.529
99.523
99.528
99.531
99.531
99.533
99.538
99.541
99.543
99.536
99.539
99.548
99.548
99.551
99.551
99.549
99.557
99.556
99.552
99.557
99.562
99.559
99.561
99.561
99.568
99.568
99.574
99.578
99.573
99.573
99.572
99.573
99.577
99.576
99.577
99.577
99.577
99.581
99.584
99.581
99.583
99.585
99.585
99.595
99.595
99.593
99.59
99.59
99.595
99.595
99.598
99.602
99.609
99.605
99.605
99.61
99.61
99.61
99.608
99.614
99.618
99.612
99.618
99.622
99.617
99.622
99.624
99.625
99.628
99.633
99.632
99.629
99.628
99.633
99.639
99.633
99.634
99.64
99.642
99.643
99.644
99.648
99.663
99.658
99.653
99.653
99.652
99.657
99.66
99.655
99.658
99.659
99.663
99.662
99.663
99.659
99.662
99.663
99.658
99.662
99.663
99.665
99.665
99.667
99.674
99.679
99.681
99.675
99.674
99.68
99.679
99.681
99.688
99.685
99.686
99.687
99.689
99.688
99.686
99.692
99.694
99.697
99.699
99.702
99.703
99.697
99.705
99.703
99.703
99.707
99.702
99.708
99.708
99.71
99.712
99.71
99.712
99.714
99.718
99.718
99.718
99.723
99.724
99.724
99.723
99.725
99.73
99.728
99.728
99.734
99.73
99.733
99.729
99.733
99.73
99.735
99.743
99.744
99.745
99.753
99.749
99.748
99.749
99.75
99.75
99.758
99.757
99.752
99.758
99.755
99.758
99.754
99.758
99.763
99.764
99.759
99.759
99.764
99.767
99.771
99.773
99.771
99.77
99.776
99.779
99.776
99.775
99.78
99.775
99.779
99.776
99.784
99.785
99.785
99.786
99.79
99.799
99.794
99.796
99.793
99.793
99.794
99.8
99.801
99.8
99.803
99.796
99.806
99.809
99.803
99.809
99.804
99.81
99.81
99.808
99.81
99.815
99.82
99.814
99.824
99.825
99.823
99.819
99.821
99.823
99.824
99.826
99.826
99.824
99.828
99.829
99.834
99.833
99.834
99.83
99.829
99.83
99.826
99.834
99.833
99.835
99.836
99.833
99.839
99.84
99.841
99.84
99.838
99.838
99.836
99.841
99.84
99.841
99.845
99.845
99.85
99.848
99.848
99.849
99.849
99.85
99.854
99.851
99.851
99.854
99.856
99.851
99.854
99.85
99.857
99.859
99.859
99.865
99.864
99.857
99.86
99.859
99.865
99.86
99.857
99.865
99.865
99.871
99.875
99.871
99.87
99.875
99.874
99.875
99.871
99.874
99.879
99.88
99.881
99.882
99.882
99.889
99.888
99.884
99.879
99.885
99.881
99.882
99.885
99.886
99.882
99.888
99.891
99.889
99.888
99.89
99.89
99.891
99.891
99.895
99.891
99.891
99.898
99.903
99.896
99.894
99.891
99.889
99.89
99.891
99.89
99.889
99.895
99.895
99.9
99.896
99.895
99.9
99.904
99.905
99.906
99.911
99.899
99.904
99.906
99.911
99.91
99.909
99.905
99.909
99.908
99.913
99.909
99.903
99.908
99.911
99.906
99.909
99.909
99.91
99.909
99.91
99.913
99.908
99.914
99.914
99.915
99.916
99.92
99.918
99.921
99.92
99.921
99.918
99.925
99.923
99.924
99.924
99.923
99.924
99.924
99.923
99.923
99.925
99.929
99.925
99.931
99.932
99.932
99.931
99.926
99.926
99.926
99.93
99.931
99.935
99.935
99.941
99.941
99.935
99.944
99.942
99.942
99.946
99.95
99.949
99.954
99.955
99.959
99.96
99.962
99.964
99.969
99.972
99.976
99.974
99.989
99.994
99.995
100
100.002
100.012
100.021
100.03
100.036
100.048
100.06
100.065
100.073
100.082
100.096
100.113
100.126
100.136
100.145
100.153
100.182
100.199
100.21
100.223
100.235
100.264
100.281
100.3
100.32
100.337
100.359
100.377
100.409
100.426
100.447
100.48
100.506
100.532
100.567
100.588
100.618
100.65
100.684
100.711
100.737
100.771
100.804
100.839
100.872
100.898
100.935
100.982
101.013
101.047
101.08
101.133
101.171
101.212
101.253
101.287
101.332
101.383
101.426
101.468
101.517
101.563
101.606
101.656
101.709
101.76
101.806
101.851
101.907
101.956
102.017
102.069
102.119
102.176
102.234
102.29
102.347
102.403
102.46
102.517
102.583
102.648
102.7
102.772
102.824
102.892
102.948
103.027
103.075
103.156
103.22
103.291
103.354
103.421
103.485
103.56
103.636
103.696
103.78
103.852
103.917
103.994
104.078
104.155
104.227
104.3
104.369
104.461
104.542
104.613
104.705
104.789
104.864
104.958
105.028
105.11
105.189
105.277
105.35
105.446
105.532
105.618
105.712
105.798
105.892
105.96
106.068
106.153
106.244
106.341
106.419
106.513
106.608
106.703
106.81
106.893
106.989
107.078
107.177
107.279
107.384
107.477
107.57
107.674
107.769
107.864
107.974
108.072
108.171
108.275
108.372
108.481
108.594
108.687
108.795
108.907
109.003
109.102
109.213
109.326
109.423
109.522
109.631
109.741
109.854
109.955
110.071
110.176
110.285
110.406
110.507
110.621
110.72
110.841
110.954
111.071
111.195
111.295
111.405
111.526
111.633
111.745
111.865
111.985
112.096
112.21
112.329
112.439
112.558
112.697
112.79
112.924
113.024
113.158
113.273
113.394
113.505
113.616
113.753
113.853
113.982
114.093
114.215
114.344
114.463
114.587
114.696
114.824
114.956
115.076
115.196
115.321
115.439
115.564
115.681
115.813
115.933
116.059
116.184
116.304
116.431
116.556
116.68
116.801
116.924
117.05
117.184
117.311
117.427
117.561
117.688
117.809
117.939
118.066
118.195
118.323
118.448
118.582
118.702
118.829
118.966
119.094
119.225
119.353
119.477
119.601
119.726
119.857
119.988
120.129
120.265
120.378
120.511
120.65
120.774
120.898
121.027
121.148
121.285
121.412
121.545
121.681
121.803
121.932
122.062
122.205
122.331
122.46
122.595
122.723
122.855
122.992
123.118
123.253
123.38
123.521
123.644
123.775
123.906
124.038
124.175
124.302
124.423
124.566
124.688
124.826
124.959
125.092
125.22
125.348
125.49
125.615
125.745
125.878
126.016
126.142
126.278
126.412
126.541
126.673
126.801
126.935
127.069
127.212
127.327
127.462
127.597
127.731
127.86
127.993
128.13
128.26801
128.39999
128.526
128.657
128.78999
128.922
129.054
129.17599
129.323
129.444
129.58299
129.715
129.85001
129.98
130.11099
130.239
130.36501
130.498
130.642
130.772
130.89799
131.037
131.166
131.3
131.42599
131.554
131.692
131.83299
131.955
132.082
132.209
132.35201
132.48199
132.60899
132.75101
132.875
133.01199
133.138
133.263
133.40601
133.52299
133.65199
133.78999
133.916
134.04401
134.18201
134.304
134.446
134.576
134.7
134.836
134.95799
135.093
135.22701
135.354
135.487
135.616
135.741
135.87399
135.998
136.136
136.258
136.38699
136.51401
136.65401
136.785
136.905
137.03101
137.168
137.302
137.418
137.556
137.668
137.811
137.946
138.05299
138.194
138.31799
138.45399
138.57401
138.71001
138.834
138.95599
139.07899
139.211
139.343
139.47099
139.59399
139.714
139.84801
139.97301
140.09399
140.22701
140.35899
140.48801
140.604
140.73399
140.866
140.99001
141.114
141.24899
141.369
141.49001
141.61501
141.754
141.869
142.00999
142.125
142.24699
142.37
142.504
142.631
142.763
142.87399
143
143.12
143.25101
143.379
143.487
143.629
143.745
143.87801
143.99699
144.121
144.24899
144.367
144.489
144.618
144.73801
144.85699
144.981
145.11
145.22501
145.362
145.48801
145.60899
145.72301
145.839
145.98399
146.106
146.214
146.33299
146.464
146.58
146.711
146.83099
146.95399
147.065
147.19099
147.312
147.433
147.55499
147.67799
147.804
147.918
148.048
148.16901
148.28101
148.41499
148.533
148.65601
148.77699
148.89101
149.01199
149.13499
149.255
149.36501
149.505
149.619
149.741
149.849
149.96899
150.101
150.209
150.32899
150.45399
150.57201
150.686
150.80299
150.929
151.04601
151.16299
151.287
151.41
151.52499
151.64301
151.759
151.881
151.99899
152.11301
152.23
152.36
152.46899
152.606
152.71001
152.83501
152.94501
153.067
153.18201
153.295
153.414
153.533
153.645
153.76401
153.87199
153.996
154.11501
154.23
154.349
154.452
154.57401
154.698
154.81599
154.92599
155.05099
155.164
155.27901
155.394
155.50999
155.63901
155.74699
155.87399
155.97
156.09
156.20799
156.319
156.43201
156.55499
156.67
156.785
156.901
157.021
157.13499
157.246
157.358
157.47
157.58701
157.701
157.81
157.935
158.04201
158.15601
158.27499
158.396
158.50301
158.618
158.73599
158.849
158.963
159.07401
159.183
159.30701
159.411
159.534
159.64
159.755
159.873
159.98599
160.10201
160.207
160.321
160.43201
160.549
160.657
160.771
160.88699
161.00301
161.105
161.218
161.327
161.44501
161.56
161.666
161.789
161.897
162.01199
162.121
162.239
162.351
162.45399
162.57401
162.692
162.79601
162.91299
163.024
163.12801
163.243
163.36099
163.45799
163.569
163.685
163.78799
163.90401
164.011
164.134
164.245
164.35001
164.467
164.571
164.67799
164.787
164.90199
165.015
165.121
165.23599
165.35001
165.446
165.562
165.679
165.78101
165.896
166.005
166.108
166.21899
166.33299
166.444
166.548
166.66299
166.78
166.89101
166.99001
167.10699
167.209
167.323
167.44099
167.537
167.653
167.76199
167.867
167.967
168.091
168.192
168.304
168.41701
168.52
168.619
168.744
168.847
168.95399
169.06599
169.17599
169.298
169.396
169.506
169.62399
169.714
169.827
169.929
170.041
170.159
170.259
170.366
170.476
170.593
170.69501
170.80299
170.916
171.02
171.13
171.23
171.349
171.455
171.562
171.67101
171.76801
171.886
171.98
172.10001
172.20799
172.321
172.424
172.532
172.634
172.745
172.84801
172.96001
173.06599
173.18201
173.285
173.394
173.491
173.621
173.715
173.821
173.931
174.043
174.146
174.252
174.36301
174.472
174.575
174.687
174.783
174.897
175
175.11099
175.20799
175.32201
175.427
175.533
175.65401
175.756
175.855
175.978
176.089
176.177
176.29401
176.408
176.504
176.605
176.716
176.81799
176.92599
177.03799
177.146
177.244
177.353
177.467
177.564
177.672
177.78101
177.895
177.98399
178.092
178.214
178.308
178.422
178.528
178.629
178.73801
178.845
178.95599
179.061
179.161
179.272
179.381
179.474
179.58501
179.688
179.78999
179.914
180.00999
180.11501
180.231
180.33299
180.427
180.55
180.657
180.75
180.853
180.96899
181.07001
181.175
181.283
181.39301
181.50301
181.61
181.70799
181.81
181.92599
182.033
182.13699
182.233
182.339
182.451
182.55
182.653
182.76601
182.86301
182.97099
183.08299
183.192
183.289
183.405
183.5
183.60899
183.715
183.825
183.92599
184.02901
184.12801
184.23599
184.351
184.442
184.57001
184.66
184.76801
184.87801
184.97301
185.08
185.18401
185.295
185.395
185.507
185.61
185.71001
185.811
185.925
186.02699
186.132
186.23199
186.339
186.44901
186.55099
186.66
186.74699
186.86301
186.966
187.078
187.173
187.29401
187.382
187.485
187.592
187.701
187.798
187.912
188.004
188.117
188.21899
188.33099
188.425
188.54401
188.638
188.758
188.85001
188.96201
189.062
189.16701
189.265
189.375
189.483
189.578
189.69299
189.789
189.894
189.996
190.09801
190.20399
190.3
190.416
190.519
190.614
190.73599
190.83099
190.935
191.04601
191.147
191.25
191.356
191.461
191.561
191.668
191.77299
191.87399
191.985
192.073
192.19
192.29601
192.396
192.49899
192.60201
192.711
192.813
192.91901
193.017
193.119
193.23399
193.33099
193.43201
193.541
193.647
193.752
193.851
193.95799
194.05299
194.164
194.26601
194.364
194.468
194.58299
194.67101
194.786
194.89
194.994
195.103
195.21201
195.297
195.409
195.51601
195.616
195.72099
195.828
195.92799
196.028
196.131
196.23801
196.33701
196.437
196.54401
196.64799
196.75101
196.862
196.957
197.064
197.16299
197.27299
197.371
197.48199
197.58701
197.68201
197.79201
197.89101
197.993
198.101
198.196
198.29601
198.40199
198.50301
198.599
198.72099
198.81799
198.92599
199.015
199.119
199.22099
199.334
199.425
199.533
199.63499
199.73599
199.834
199.94701
200.054
200.164
200.24699
200.356
200.44299
200.55901
200.67101
200.77299
200.881
200.97099
201.073
201.179
201.286
201.38699
201.491
201.589
201.696
201.802
201.901
202.00101
202.099
202.205
202.298
202.405
202.51199
202.625
202.718
202.819
202.927
203.02299
203.12
203.22099
203.341
203.444
203.53999
203.634
203.73399
203.839
203.94
204.045
204.14
204.25999
204.35001
204.45399
204.53999
204.661
204.75101
204.871
204.967
205.07001
205.16499
205.271
205.36501
205.47501
205.575
205.681
205.776
205.88
205.987
206.07899
206.196
206.293
206.396
206.489
206.591
206.694
206.793
206.896
206.998
207.11501
207.20799
207.30499
207.416
207.51801
207.618
207.71001
207.817
207.918
208.008
208.12399
208.22099
208.33299
208.42101
208.532
208.636
208.73399
208.843
208.938
209.045
209.144
209.241
209.34801
209.44299
209.549
209.64999
209.752
209.84801
209.955
210.05499
210.173
210.258
210.367
210.46201
210.57001
210.67
210.76401
210.871
210.97
211.07001
211.177
211.271
211.383
211.476
211.577
211.67999
211.783
211.881
211.98599
212.086
212.185
212.284
212.386
212.48801
212.58501
212.686
212.784
212.89101
213
213.104
213.207
213.308
213.407
213.505
213.604
213.714
213.81
213.911
214.004
214.104
214.21001
214.32001
214.41
214.515
214.612
214.71899
214.819
214.916
215.024
215.127
215.22301
215.32401
215.444
215.53101
215.631
215.731
215.826
215.93401
216.03799
216.14101
216.23199
216.33501
216.44099
216.534
216.638
216.74699
216.845
216.937
217.048
217.133
217.246
217.35201
217.45399
217.554
217.644
217.75
217.855
217.944
218.05499
218.145
218.25
218.351
218.455
218.558
218.64999
218.756
218.86099
218.95799
219.064
219.161
219.27
219.36
219.45799
219.55901
219.65601
219.76199
219.87199
219.97701
220.069
220.16499
220.267
220.36501
220.47099
220.573
220.66299
220.77499
220.87801
220.976
221.075
221.17799
221.28101
221.395
221.48599
221.59
221.686
221.787
221.89
221.97701
222.077
222.18201
222.283
222.388
222.483
222.58701
222.694
222.799
222.888
222.98599
223.09
223.19299
223.30099
223.397
223.495
223.59
223.692
223.8
223.89301
223.989
224.09599
224.19501
224.29601
224.397
224.496
224.599
224.70799
224.80701
224.896
224.99699
225.101
225.202
225.30099
225.395
225.506
225.612
225.70599
225.804
225.903
226.008
226.11099
226.20799
226.312
226.411
226.511
226.617
226.709
226.813
226.91299
227.017
227.112
227.21899
227.31
227.408
227.507
227.61501
227.705
227.815
227.914
228.01601
228.11
228.22099
228.325
228.41499
228.52
228.631
228.718
228.814
228.909
229.03
229.127
229.213
229.325
229.42999
229.528
229.618
229.72701
229.825
229.935
230.034
230.127
230.22701
230.323
230.427
230.528
230.62399
230.737
230.83
230.92799
231.022
231.12199
231.233
231.334
231.438
231.53999
231.627
231.739
231.83299
231.938
232.039
232.134
232.233
232.33099
232.439
232.536
232.633
232.744
232.834
232.939
233.037
233.13901
233.23801
233.33701
233.44299
233.53999
233.636
233.743
233.839
233.94
234.036
234.138
234.25
234.349
234.43201
234.539
234.63901
234.743
234.839
234.939
235.047
235.14101
235.23199
235.339
235.442
235.53999
235.63499
235.744
235.839
235.95
236.05099
236.14101
236.24001
236.356
236.452
236.545
236.649
236.745
236.856
236.95
237.04601
237.14101
237.23801
237.355
237.44299
237.547
237.645
237.739
237.845
237.944
238.05299
238.13901
238.237
238.345
238.45
238.55099
238.651
238.745
238.842
238.944
239.037
239.133
239.244
239.342
239.438
239.53799
239.63499
239.743
239.839
239.936
240.045
240.136
240.23801
240.336
240.44701
240.541
240.63699
240.739
240.838
240.95399
241.048
241.15401
241.246
241.35001
241.45
241.547
241.647
241.744
241.843
241.939
242.049
242.147
242.23599
242.345
242.446
242.536
242.642
242.74001
242.841
242.948
243.037
243.144
243.245
243.339
243.438
243.543
243.638
243.739
243.839
243.937
244.04201
244.13901
244.23801
244.334
244.444
244.535
244.63901
244.739
244.845
244.937
245.04201
245.145
245.241
245.34599
245.439
245.537
245.63
245.74001
245.839
245.94701
246.041
246.13901
246.244
246.345
246.44
246.53101
246.642
246.73801
246.84
246.944
247.04401
247.138
247.243
247.33299
247.433
247.53799
247.647
247.733
247.834
247.942
248.048
248.138
248.235
248.33099
248.429
248.532
248.642
248.73199
248.83501
248.942
249.034
249.12199
249.233
249.336
249.437
249.535
249.636
249.73599
249.827
249.927
250.028
250.125
250.239
250.33299
250.438
250.53
250.634
250.73399
250.827
250.933
251.03101
251.13499
251.22501
251.327
251.42799
251.52901
251.62601
251.73
251.83099
251.92599
252.026
252.125
252.226
252.327
252.427
252.52
252.629
252.726
252.82401
252.91901
253.026
253.116
253.214
253.323
253.42
253.524
253.62601
253.71899
253.827
253.92101
254.024
254.118
254.226
254.332
254.423
254.52
254.62399
254.72
254.81599
254.92599
255.01601
255.118
255.216
255.319
255.416
255.511
255.62
255.71201
255.82001
255.914
256.017
256.11801
256.211
256.32999
256.41199
256.51501
256.612
256.70801
256.81
256.914
257.008
257.10699
257.21301
257.31
257.41299
257.50299
257.60599
257.70999
257.802
257.909
258.004
258.10901
258.207
258.298
258.40701
258.50299
258.60501
258.694
258.79599
258.89999
258.995
259.099
259.20099
259.29401
259.401
259.491
259.591
259.69699
259.79001
259.892
259.98801
260.086
260.19299
260.297
260.38101
260.48901
260.58499
260.68701
260.789
260.89099
260.98099
261.08801
261.19
261.28101
261.37399
261.47699
261.58099
261.68301
261.77399
261.87601
261.98801
262.082
262.17899
262.27899
262.379
262.48401
262.57999
262.672
262.772
262.86099
262.96301
263.06601
263.16901
263.26599
263.36099
263.46301
263.569
263.677
263.77399
263.871
263.96899
264.06699
264.16699
264.26999
264.366
264.45801
264.56699
264.66199
264.76199
264.85999
264.95801
265.061
265.155
265.259
265.36401
265.45499
265.55301
265.651
265.746
265.85599
265.95001
266.061
266.147
266.246
266.353
266.44501
266.548
266.64301
266.74301
266.845
266.94101
267.04901
267.13901
267.24701
267.33099
267.44501
267.534
267.63599
267.73599
267.82999
267.939
268.03799
268.13101
268.23599
268.33301
268.43799
268.535
268.62701
268.72699
268.83301
268.91599
269.02701
269.125
269.23001
269.319
269.42401
269.52301
269.612
269.70901
269.82101
269.92599
270.00601
270.117
270.211
270.31
270.41599
270.505
270.60599
270.70801
270.80899
270.90701
271.01099
271.10901
271.20901
271.311
271.401
271.508
271.59601
271.702
271.80499
271.901
271.99701
272.09799
272.19501
272.289
272.39401
272.496
272.59299
272.69601
272.79501
272.888
272.98901
273.09
273.18301
273.29599
273.39099
273.495
273.57501
273.69101
273.789
273.89099
273.98001
274.10101
274.17899
274.28
274.38599
274.48999
274.57999
274.67599
274.776
274.88199
274.98001
275.077
275.18201
275.27899
275.37799
275.47198
275.58401
275.67499
275.77301
275.87701
275.97299
276.07001
276.17001
276.26901
276.367
276.466
276.56201
276.668
276.76901
276.86301
276.95999
277.06699
277.16501
277.26199
277.366
277.45401
277.556
277.66299
277.76501
277.853
277.94901
278.04599
278.15701
278.25
278.35001
278.44501
278.54001
278.64499
278.745
278.845
278.95401
279.04401
279.14999
279.23801
279.34399
279.444
279.53101
279.63101
279.73199
279.82901
279.92599
280.02301
280.11801
280.229
280.32599
280.42999
280.526
280.634
280.72299
280.828
280.92599
281.02802
281.13199
281.23099
281.31699
281.42499
281.517
281.61301
281.715
281.82101
281.91101
282.013
282.108
282.211
282.30701
282.41599
282.51501
282.612
282.71399
282.80801
282.90201
283.005
283.108
283.19101
283.31
283.397
283.48599
283.59399
283.69199
283.79001
283.892
283.991
284.09201
284.189
284.29199
284.39001
284.49301
284.59299
284.68701
284.78799
284.879
284.98499
285.08099
285.19
285.28299
285.37701
285.483
285.57999
285.67099
285.77701
285.875
285.97699
286.07401
286.16299
286.28601
286.367
286.46399
286.56299
286.66
286.759
286.86099
286.96399
287.065
287.16501
287.25601
287.36301
287.461
287.55701
287.66101
287.759
287.862
287.953
288.06
288.151
288.25601
288.349
288.45099
288.54999
288.64899
288.74899
288.845
288.94199
289.04199
289.133
289.242
289.336
289.44299
289.54199
289.633
289.73199
289.841
289.927
290.03
290.129
290.233
290.34
290.43399
290.52802
290.62799
290.72198
290.823
290.91901
291.01801
291.117
291.224
291.32101
291.42001
291.521
291.625
291.71899
291.81799
291.91699
292.01599
292.10901
292.22198
292.306
292.41501
292.51501
292.60199
292.72
292.81
292.914
293.00101
293.10001
293.20599
293.29901
293.40399
293.513
293.60699
293.703
293.798
293.90302
293.996
294.09698
294.19299
294.302
294.396
294.492
294.604
294.69699
294.79099
294.89401
294.98801
295.08899
295.18701
295.28799
295.38699
295.48099
295.57599
295.686
295.78299
295.87799
295.97601
296.08301
296.17499
296.271
296.37299
296.48099
296.57401
296.67599
296.78
296.87201
296.97101
297.07001
297.16101
297.26999
297.36899
297.46701
297.573
297.66501
297.759
297.85901
297.95901
298.06601
298.15701
298.25101
298.36099
298.44601
298.54901
298.64499
298.74799
298.84601
298.94299
299.04501
299.146
299.23999
299.34
299.44601
299.54901
299.64401
299.73801
299.84299
299.93399
300.034
300.134
300.228
300.33401
300.44299
300.53101
300.63699
300.733
300.82401
300.92899
301.02701
301.13699
301.23001
301.32999
301.42801
301.52701
301.62399
301.71701
301.82501
301.91699
302.021
302.121
302.216
302.32199
302.41699
302.521
302.612
302.707
302.811
302.91101
303.01401
303.108
303.21399
303.31201
303.409
303.51099
303.608
303.703
303.80701
303.90302
304
304.09698
304.20401
304.30099
304.40201
304.49799
304.59299
304.70001
304.79901
304.892
304.98499
305.09201
305.19501
305.29501
305.384
305.487
305.58499
305.69901
305.78699
305.89001
305.98901
306.082
306.18701
306.28201
306.383
306.483
306.586
306.685
306.77399
306.88699
306.98199
307.07999
307.17099
307.27399
307.37299
307.47699
307.56601
307.66599
307.767
307.87701
307.96701
308.06699
308.173
308.26999
308.36401
308.46201
308.56799
308.66199
308.76099
308.85999
308.957
309.05301
309.16101
309.26001
309.35599
309.457
309.55301
309.65701
309.75299
309.85599
309.95499
310.056
310.15601
310.24899
310.33099
310.448
310.539
310.647
310.741
310.84698
310.94901
311.03101
311.134
311.246
311.34399
311.44601
311.54001
311.64301
311.73499
311.82901
311.93799
312.04199
312.133
312.237
312.33701
312.43701
312.52701
312.638
312.737
312.832
312.92401
313.03101
313.13599
313.233
313.33301
313.422
313.52802
313.629
313.73001
313.82001
313.91699
314.02399
314.12701
314.21799
314.319
314.41101
314.51801
314.62
314.70599
314.81
314.91501
315.01501
315.11499
315.20999
315.31201
315.41101
315.51199
315.608
315.70901
315.80801
315.90701
316.008
316.09799
316.203
316.29599
316.396
316.50601
316.59601
316.694
316.798
316.896
316.99701
317.095
317.19901
317.29901
317.397
317.49899
317.58499
317.69199
317.79099
317.89401
317.98801
318.091
318.17899
318.28799
318.392
318.49301
318.591
318.681
318.79001
318.87701
318.98599
319.086
319.17801
319.27899
319.379
319.47699
319.578
319.672
319.78601
319.87299
319.97699
320.07901
320.17801
320.27802
320.36899
320.48401
320.57199
320.673
320.77802
320.86499
320.97299
321.06799
321.16299
321.258
321.366
321.46201
321.56
321.66199
321.754
321.85699
321.95999
322.056
322.16599
322.258
322.35999
322.461
322.55301
322.65601
322.758
322.85501
322.95401
323.04401
323.15399
323.246
323.34601
323.44601
323.54901
323.64999
323.74701
323.841
323.94199
324.039
324.138
324.25201
324.34299
324.431
324.52802
324.64801
324.73599
324.836
324.92999
325.02899
325.13
325.224
325.33099
325.41699
325.52499
325.62299
325.73401
325.82001
325.92099
326.01901
326.11801
326.21799
326.323
326.42001
326.51401
326.61401
326.711
326.81601
326.90399
327.00699
327.11301
327.20999
327.30899
327.40302
327.50699
327.61099
327.70599
327.80801
327.91
328.00201
328.10101
328.202
328.30801
328.40701
328.504
328.60101
328.698
328.802
328.89401
329
329.103
329.19199
329.29999
329.38901
329.49301
329.591
329.694
329.78799
329.88599
329.98801
330.08499
330.189
330.28601
330.38101
330.48801
330.58899
330.69199
330.789
330.88101
330.98599
331.08301
331.185
331.27899
331.38901
331.48999
331.58301
331.68201
331.78
331.87799
331.97501
332.077
332.17599
332.276
332.371
332.47601
332.57001
332.66299
332.77301
332.866
332.97198
333.06201
333.16901
333.263
333.36499
333.47198
333.56699
333.668
333.767
333.87
333.95901
334.05099
334.16199
334.263
334.35101
334.46301
334.55399
334.659
334.75601
334.84698
334.94501
335.05099
335.16199
335.24799
335.34201
335.44101
335.539
335.633
335.73999
335.83499
335.93399
336.039
336.14099
336.23499
336.34399
336.43201
336.535
336.64001
336.73001
336.832
336.93201
337.03201
337.12299
337.22299
337.31699
337.422
337.53799
337.633
337.72601
337.823
337.93201
338.02301
338.117
338.216
338.31799
338.41699
338.51401
338.61301
338.716
338.81699
338.91501
339.02499
339.10999
339.21399
339.29999
339.40701
339.513
339.61301
339.70999
339.81699
339.909
340.01099
340.104
340.20901
340.30701
340.405
340.50201
340.60699
340.70401
340.811
340.892
340.99899
341.091
341.19901
341.29099
341.39301
341.48499
341.58801
341.686
341.79599
341.888
341.987
342.09399
342.189
342.285
342.384
342.48999
342.58801
342.68799
342.79099
342.88599
342.98901
343.082
343.17999
343.28201
343.38
343.47501
343.57501
343.67899
343.77399
343.87201
343.98199
344.07599
344.17801
344.27499
344.371
344.47501
344.569
344.66501
344.75699
344.85999
344.96399
345.06601
345.16501
345.26001
345.36099
345.461
345.56
345.66599
345.76199
345.85901
345.961
346.047
346.15399
346.26099
346.35699
346.453
346.55399
346.65399
346.75601
346.85101
346.95001
347.047
347.14999
347.25201
347.35199
347.44601
347.54001
347.64301
347.742
347.84698
347.93301
348.03699
348.14301
348.23999
348.345
348.44601
348.53699
348.63599
348.73401
348.836
348.936
349.03101
349.133
349.237
349.34
349.435
349.52301
349.63101
349.728
349.827
349.923
350.021
350.12601
350.224
350.315
350.42001
350.517
350.61899
350.72299
350.819
350.92001
351.02399
351.11899
351.22198
351.31799
351.41501
351.52301
351.61401
351.71899
351.81299
351.914
352.005
352.12
352.215
352.30899
352.40601
352.50699
352.60501
352.702
352.79901
352.90201
353.01001
353.10199
353.20099
353.30099
353.39899
353.49301
353.595
353.69699
353.79501
353.89001
354
354.09399
354.189
354.28799
354.39001
354.48999
354.582
354.686
354.784
354.884
354.97699
355.08899
355.181
355.27899
355.37701
355.487
355.578
355.67801
355.784
355.875
355.98001
356.07401
356.17499
356.27301
356.375
356.46201
356.57001
356.66599
356.76199
356.866
356.95999
357.07199
357.17099
357.26801
357.36401
357.457
357.556
357.659
357.758
357.86499
357.95801
358.05301
358.159
358.259
358.35699
358.45499
358.552
358.66101
358.75299
358.849
358.948
359.05301
359.15799
359.24399
359.35199
359.44501
359.55301
359.647
359.73999
359.84299
359.948
360.04001
360.134
360.23499
360.33701
360.448
360.53699
360.63901
360.73001
360.828
360.93201
361.03201
361.12799
361.22601
361.32199
361.42499
361.52301
361.621
361.73099
361.82901
361.91501
362.022
362.121
362.22601
362.319
362.41299
362.51999
362.612
362.72299
362.814
362.91299
363.00699
363.12
363.215
363.30801
363.41199
363.5
363.59601
363.69901
363.80899
363.91299
364.01099
364.10999
364.19699
364.30499
364.396
364.49899
364.59799
364.70901
364.806
364.90399
364.995
365.09601
365.20099
365.306
365.384
365.50101
365.58801
365.69501
365.79199
365.879
365.987
366.086
366.17899
366.29199
366.38199
366.492
366.59
366.67999
366.79599
366.88501
366.98001
367.091
367.185
367.26901
367.37799
367.47299
367.569
367.67899
367.76801
367.87299
367.96701
368.07101
368.168
368.26801
368.375
368.45801
368.57199
368.66501
368.76001
368.867
368.961
369.05499
369.16901
369.259
369.36301
369.457
369.55701
369.66101
369.75
369.858
369.952
370.05899
370.14899
370.25
370.349
370.452
370.543
370.63699
370.74899
370.83701
370.94101
371.039
371.14099
371.24799
371.34601
371.43799
371.53799
371.634
371.73199
371.83899
371.93399
372.03799
372.13599
372.24301
372.33701
372.42801
372.52399
372.62701
372.72299
372.82501
372.922
373.02399
373.12201
373.22101
373.315
373.40302
373.513
373.616
373.70901
373.814
373.90799
374.01099
374.10501
374.20599
374.31299
374.40601
374.509
374.60999
374.703
374.79901
374.90601
375
375.10001
375.19699
375.293
375.39401
375.49899
375.59799
375.69101
375.79599
375.888
376
376.08701
376.17899
376.28101
376.384
376.48901
376.59299
376.681
376.77399
376.88199
376.987
377.07901
377.17899
377.276
377.37701
377.47601
377.57999
377.67401
377.76599
377.87701
377.97
378.07401
378.17001
378.259
378.366
378.461
378.561
378.659
378.767
378.86401
378.96799
379.056
379.151
379.259
379.35501
379.453
379.547
379.651
379.74899
379.85599
379.94901
380.056
380.146
380.25299
380.34698
380.448
380.54401
380.64401
380.75
380.84601
380.93799
381.04099
381.142
381.23801
381.33801
381.44299
381.53601
381.633
381.73499
381.83499
381.92999
382.02899
382.12799
382.23599
382.328
382.43399
382.53
382.625
382.729
382.83499
382.927
383.01999
383.12299
383.224
383.32199
383.427
383.51901
383.621
383.72101
383.827
383.92001
384.017
384.121
384.22101
384.31799
384.41699
384.517
384.60699
384.71201
384.81299
384.91
385.00601
385.103
385.202
385.30701
385.40799
385.51401
385.604
385.707
385.80801
385.90201
385.99899
386.09698
386.19601
386.28601
386.39099
386.49399
386.59698
386.694
386.793
386.896
386.987
387.09201
387.19501
387.29599
387.383
387.49301
387.591
387.68701
387.78699
387.892
387.98801
388.086
388.18701
388.29099
388.39001
388.48199
388.58801
388.686
388.78101
388.88101
388.98199
389.077
389.17899
389.27701
389.37601
389.47101
389.582
389.67499
389.78
389.88
389.97198
390.07199
390.173
390.27701
390.362
390.461
390.57101
390.66901
390.76401
390.86499
390.96899
391.069
391.16599
391.26401
391.353
391.46701
391.55301
391.66101
391.76001
391.871
391.95901
392.06299
392.15601
392.258
392.35001
392.457
392.55701
392.64999
392.759
392.84201
392.948
393.04999
393.155
393.25699
393.354
393.448
393.55099
393.651
393.741
393.84601
393.94699
394.04099
394.146
394.24399
394.345
394.45001
394.54001
394.64001
394.737
394.836
394.94699
395.02802
395.13699
395.24899
395.33701
395.44601
395.547
395.63599
395.73099
395.83899
395.93701
396.03601
396.133
396.23599
396.33301
396.44
396.53
396.63
396.729
396.82901
396.92899
397.02802
397.13199
397.23401
397.328
397.431
397.52301
397.62299
397.72501
397.827
397.91599
398.022
398.12
398.21799
398.32101
398.41599
398.517
398.61301
398.70901
398.81299
398.923
399.01099
399.125
399.211
399.31601
399.41
399.505
399.61099
399.70999
399.814
399.914
400.01099
400.11099
400.21399
400.30399
400.39999
400.50699
400.59
400.69601
400.80099
400.90201
401.00299
401.10001
401.19901
401.30499
401.39899
401.49301
401.59601
401.69601
401.80099
401.89099
401.98801
402.086
400: -1.34729268292683
